0.066377
0.159203
0.060782
0.007150
0.057469
0.006131
0.058158
0.006002
0.059566
0.005977
0.062627
0.006916
0.057871
0.006003
0.058354
0.006089
0.059305
0.006118
0.059749
0.006093
0.059432
0.005989
0.058827
0.006054
0.057700
0.006497
0.057405
0.006048
0.061807
0.006816
0.067434
0.005951
0.064359
0.006042
0.059782
0.006179
0.060436
0.005970
0.059809
0.006171
0.059772
0.005968
0.057726
0.005978
0.057603
0.005917
0.060100
0.006066
0.058644
0.006415
0.057741
0.005925
0.059862
0.006673
0.065815
0.005943
0.070194
0.005924
0.070110
0.005913
0.073926
0.007082
0.067169
0.005888
0.074110
0.005974
0.071623
0.006481
0.070522
0.005903
0.074757
0.005947
0.077787
0.005993
0.079046
0.006008
0.072262
0.006014
0.061760
0.005919
0.063546
0.006090
0.062610
0.006086
0.061141
0.006039
0.060908
0.006061
0.063035
0.006055
0.063262
0.006591
0.071173
0.005993
0.078249
0.006170
0.058315
0.006045
0.057851
0.005967
0.057712
0.006146
0.067229
0.006094
0.058050
0.006036
0.070079
0.007359
0.066054
0.005938
0.060705
0.005962
0.058650
0.006002
0.058554
0.005919
0.058844
0.006028
0.057216
0.006988
0.057838
0.006107
0.058311
0.006114
0.062951
0.006173
0.064020
0.006871
0.063230
0.006054
0.062288
0.005930
0.068494
0.006603
0.066758
0.006114
0.058254
0.007272
0.058075
0.008226
0.058075
0.007147
0.060278
0.006813
0.057771
0.007033
0.058938
0.006696
0.058414
0.006823
0.057782
0.006162
0.058176
0.006109
0.059186
0.006148
0.058176
0.006131
0.059035
0.006080
0.057100
0.006160
0.057271
0.007216
0.057590
0.006184
0.057357
0.006060
0.057716
0.006201
0.057468
0.006058
0.058664
0.006916
0.057386
0.006328
0.058044
0.006873
0.057404
0.006189
0.057370
0.006148
0.057350
0.006130
0.059550
0.006048
0.056891
0.006774
0.057019
0.006695
0.057919
0.006104
0.057304
0.006100
0.057125
0.006086
0.056667
0.006191
0.057812
0.007508
